0.2
0.18000000000000002
0.16200000000000003
0.14580000000000004
0.13122000000000003
0.11809800000000004
0.10628820000000004
0.09565938000000004
0.08609344200000005
0.07748409780000004
0.06973568802000003
0.06276211921800003
0.056485907296200025
0.050837316566580026
0.04575358490992203
0.04117822641892983
0.03706040377703684
0.03335436339933316
0.030018927059399847
0.027017034353459864
0.02431533091811388
0.02188379782630249
0.019695418043672242
0.01772587623930502
0.08738184959496789
0.14292937564218505
0.1864935799061243
0.21991565016403403
0.2447883707605849
0.2624873907955847
0.27419872313461885
0.2809429151037398
0.28359628144952603
0.2829095453756937
0.2795241937023133
0.2739868169099088
0.2667616735389798
0.2582416906731431
0.24875808764508575
0.23858878831590896
0.22796576797611687
0.21708146382112414
0.20609436281736881
0.19513386737615332
0.18430452739500724
0.17368971673632883
0.16335482293543602
0.15335001072735852
0.1692228130802398
0.2033467370992445
0.24961690851354934
0.3031964916055513
0.3603011640927203
0.41801633645719594
0.47414248212162363
0.5270645502263827
0.5756419945268402
0.6191164443274821
0.6570344537802244
0.6891831097639369
0.7155365766806493
0.7362119204596926
0.7514327874150654
0.7614997174547514
0.7667660473281184
0.767618511078002
0.7644617750109576
0.7577062564609308
0.7477586720605975
0.7350148443316684
0.7198543669620238
0.7026367906771923
0.6928098289040857
0.6961526681503731
0.7156861776258254
0.7524010055905742
0.8058331151156131
0.8745066172291908
0.9562537575743768
1.0484218871523767
1.1479994510757445
1.2517294509940027
1.356291160326972
1.4585824990784935
1.5560438438660116
1.6469027062376156
1.7302432522869176
1.805890138237436
1.8741712573615508
1.935647320975256
1.990877558719805
2.040258901745203
2.0839490479401035
2.121865680304977
2.153742745967372
2.179218634881452
2.2000397882375085
2.219516069693586
2.240910559307017
2.2649262278247493
2.285480663941572
2.28429072694337
2.234355185386417
2.124652198687992
1.97356774868732
1.8070633752400018
1.6419369635325927
1.4859778385319429
1.3420156519538309
1.2106057455374388
1.091338719717917
0.9834263514065329
0.8859588780491359
0.7980177656966202
0.7187244158748142
0.6472598513728605
0.5828709667321058
0.5248704954885669
0.4726340880400528
0.42559615866953826
0.3832435334710484
0.34511039012000927
0.31077474889589674
0.27985662981358034
0.2520178810650563
0.22696369726714186
0.20444741027651625
0.18428593054163242
0.16640729945775082
0.1509809690116398
0.13875102510138565
0.13185947205660462
0.135748781845449
0.16273697804272483
0.23457108857617498
0.370131898860595
0.5550645968290598
0.7474688442374859
0.9165950979776105
1.051915016547999
1.1535543782116662
1.2252287195614164
1.2713697147058327
1.2961890462626269
1.3034294685233208
1.296336012865465
1.2776920609058011
1.2498712304179387
1.2148903605820627
1.17445974583212
1.1300306901816382
1.0828440206806036
1.0339907956078913
0.9845134902199965
0.9356160785469904
0.8891471391770381
0.8487141329141037
0.8219630678420018
0.8235420894731027
0.8733687319441032
0.9834861389786782
1.132826953685127
1.2244016673281304
1.2134476044462672
1.1512916548217058
1.072961434406668
0.9927534375369492
0.916481367358579
0.8467707632689193
0.7850747940568338
0.7325477223365622
0.6905283733168527
0.6608975077486091
0.646380425061309
0.650722580427846
0.6784722426376618
0.733900873058711
0.8187424804491715
0.9295378434313848
1.0569226106185168
1.188588735914617
1.3141364685827752
1.426807031014253
1.5119905027748524
1.5197661339456123
1.4355349916388915
1.3289836706861757
1.235887903829842
1.172372017402863
1.1536700264240574
1.190579614113396
1.276448739983228
1.386788765177314
1.4968842254601378
1.593182304496736
1.6720923436056754
1.735676306534124
1.788835136575785
1.8379191766105252
1.8894891868011372
1.9467070912111684
1.9970647844400498
1.9940305215869158
1.9029395901230386
1.7596068037568682
1.6041021868270107
1.4536929932219347
1.3143099744131272
1.1885983519014667
1.0792164185319149
0.9898696402953349
0.9251609741926132
0.8849345989419359
0.8555850854521182
0.8163707959854348
0.7609281781413323
0.6976717526481678
0.6344493789925377
0.574760001420775
0.5197208125473405
0.469492536427769
0.42387343700099234
0.38252915897264317
0.345089666168289
0.3112027788519688
0.2805769362535678
0.25302048527327503
0.22848161683226784
0.20717562513618706
0.1899912367210423
0.17947475885735914
0.18196023005056036
0.21072238074025557
0.284540919591469
0.41044601986388407
0.5688960098872125
0.7344595602299964
0.8960128859321781
1.051867400460572
1.1953245273949686
1.3156005152363872
1.407259733203467
1.4706579291988886
1.5088262390565235
1.5254949729949792
1.5242883674047083
1.5084639952498697
1.4808596882943492
1.4439162163073025
1.3997302105121951
1.350121509665947
1.2967098909426584
1.2410301811417193
1.18478117020184
1.1304011781697256
1.0823468531054816
1.049370142357173
1.0460543800690683
1.0880083959688671
1.1813592674712479
1.3094631658428633
1.3952516783660762
1.3672430598446947
1.2754241743908603
1.1681436305466448
1.0626195392165565
0.9640128218999174
0.8737103295301307
0.7918703954084002
0.7182535355366413
0.6525399992972175
0.5944864791595068
0.544041356374463
0.5014713514488846
0.46753242179975973
0.4437039972799909
0.4324592014248722
0.4373765984126589
0.46245442200128845
0.5093124799451646
0.5715013656408607
0.6296209693721367
0.6565929139116008
0.640202591773027
0.5972715631353893
0.5497154477580062
0.5092720758219109
0.48471710391541806
0.4900164007300914
0.5457848025428359
0.6641977186057082
0.8254908178611425
0.9913487539014803
1.136006741837266
1.250887043950199
1.3364557401802606
1.3964821756409407
1.4356739316101663
1.4589634536364826
1.4714658967646168
1.4787185559199478
1.4869954809973027
1.5033527332012193
1.5346100945518422
1.5841786777850462
1.64752386193329
1.7123840025392099
1.766073017737383
1.801030906841473
1.8165505541860212
1.8164739687593014
1.8077629461218667
1.8017931820771569
1.8158860884701726
1.8659803824901386
1.923052678290142
1.8840381140976146
1.761999286623999
1.6168247976758832
1.4728409168953973
1.3376342750391408
1.2133406667272721
1.1002221789193454
0.9978180580408246
0.9053296645231246
0.8217379748181644
0.7458631078064127
0.6765222265743734
0.6128205708271993
0.5543207638033739
0.5008571602072319
0.45226366614929175
0.40828872145079964
0.36861845678834604
0.33291565743200363
0.3008342769748889
0.2719975245982295
0.24596019320168533
0.22227447005645148
0.20074137568849065
0.1815020597476219
0.16487533030622836
0.15168002723134885
0.144067369070673
0.14722509871650122
0.17233354674664642
0.23847597404648066
0.3632553243446997
0.5384780179858732
0.7290818388375944
0.90371103218464
1.0482165228709288
1.1599483572627256
1.2411535727344265
1.295662271037756
1.3275362102738535
1.3405731792416669
1.3381565992703544
1.3232365478268213
1.298352774410932
1.2656591624613938
1.226936070673804
1.183626169529007
1.1369568901532543
1.088083361740642
1.0381590708558215
0.9885146015683154
0.9411157729393216
0.8995845876847678
0.8711738221514731
0.8692263582845575
0.9120303528922022
1.0125794314615013
1.1568238337378727
1.253614268038184
1.2421182507452024
1.1746612364668783
1.0902935474592654
1.0043471029747049
0.9226622888733722
0.8476307502631626
0.7803730422381222
0.7216159997708332
0.6721335867556395
0.6330511368795018
0.6061289662484244
0.5940498833832093
0.600602221076117
0.6304346198718702
0.6878691827677629
0.7744207746530823
0.8859512878825339
1.012141831840585
1.139751412203984
1.2554330816908716
1.3375105846416881
1.3418516392925528
1.2655989203273053
1.169507852897043
1.0854438745241404
1.0284034469673102
1.01424099014396
1.056761318285509
1.1521668738990145
1.2746600582107175
1.3961145595891478
1.5008576435316998
1.5845356049109955
1.648881672122731
1.6984177936202305
1.739090748381349
1.7778271102992669
1.8220542291785102
1.8774655978552102
1.9387021605671897
1.966781607729288
1.9085048888952028
1.7824255848500374
1.6342863558676808
1.488436213255598
1.3566858971338154
1.2491594358877345
1.1775323133445705
1.1511387153617587
1.163099324406714
1.1837089921304995
1.173751575765782
1.1161059327982348
1.0310009761972343
0.9400062072021476
0.8523981344524049
0.7711009480573211
0.6967526582611754
0.6291958502060936
0.5679895917211384
0.5125965879856081
0.46246447748019415
0.4170794871159428
0.376017096086828
0.33898264874233014
0.30582779077080047
0.27661873458212194
0.2519474429502988
0.2336346065818738
0.2258117738819995
0.23461402649212165
0.26168696260017915
0.29565136037714024
0.3216759635478841
0.3380155223452937
0.3560288151741241
0.3958479425913801
0.48156502955462743
0.6231323568905238
0.7969405029726115
0.9662067699201057
1.109196492404048
1.2199107393387538
1.299765404796468
1.3525321099603305
1.382339265290348
1.3930284099529193
1.388006549909769
1.3702676617687153
1.3424639897544008
1.3070096257839805
1.2662897603499343
1.223101657473669
1.1814385141118742
1.1470853259643168
1.1258362217985665
1.118841601485564
1.121839767143263
1.1303722621917265
1.1444822405026966
1.171389205210263
1.226073156384663
1.3232418006326254
1.438926787415733
1.466458120095335
1.398614337237958
1.2968785035827857
1.1896608514831122
1.0866543135973583
0.9911907863669491
0.9044138474281546
0.8267107356211126
0.7582910236235761
0.6994879464097371
0.6509690759635822
0.6138859106545953
0.5898212365898421
0.5800822030656562
0.5838224599850147
0.5963092191680048
0.6107958751148992
0.6224261955156016
0.6290119027467852
0.6289172223975884
0.6186560414954408
0.5933830368290589
0.553324337313822
0.5072746239565223
0.46439866925319234
0.42987592172907246
0.4097878091277987
0.4154369795168324
0.4645779570014023
0.5715249492272542
0.7264449944316987
0.8972027161442394
1.0559858443397963
1.1905823166275575
1.2995614868814744
1.3864951605142712
1.4569737226132162
1.5171795689804761
1.572608227110953
1.6265993750543033
1.6798516670862278
1.7314242266600224
1.7798597688235578
1.8234229572892344
1.859467006529275
1.8838169499526898
1.8922945085572098
1.8839430122775072
1.8612949058831743
1.8286452820736094
1.7921056295864817
1.761232967134693
1.7509194268269521
1.7788650124425702
1.8460915191579819
1.8775734199874399
1.7987177146359365
1.6651893301382295
1.5211706378544427
1.3819137447960568
1.2520376782091132
1.1326405910997814
1.0235942876537745
0.9243542962122612
0.8342566592496515
0.7526135970968765
0.6787438428453365
0.6119894267916499
0.5517298374414683
0.4973925566103551
0.4484559493479013
0.40444555487214373
0.364932095636159
0.3295304477974625
0.2978859182311819
0.26962676302925254
0.2442763034288388
0.22124728084358347
0.20012485855279677
0.18097338558567627
0.1641419960329548
0.15025660992101858
0.1409035220837708
0.14005061390713708
0.15683488916376465
0.20897855674303248
0.318465771158933
0.4866281370266388
0.6795536456924771
0.8597212740777791
1.0091782140386032
1.1245509627194081
1.208409215814514
1.2649736047172515
1.298563841780883
1.3131281366770382
1.3121404150980167
1.2986132806809099
1.275138944390916
1.243920043120653
1.206769481463417
1.1651093876076783
1.1200716020948085
1.072697790400801
1.0240501516121199
0.9753082109730101
0.9281000761124382
0.8853081446891669
0.8527897899154145
0.8421459928226438
0.8716674254314385
0.9581117526437042
1.0979291548642514
1.2216075955706518
1.239948679617702
1.1874104430887373
1.1098301335735146
1.0271059834532266
0.9470432164618152
0.8729298491351706
0.8063608663061403
0.7483652731205254
0.6999506955429786
0.662450853058172
0.6378183452525426
0.6288947202666683
0.6395425594495363
0.6742792474030209
0.736921044742206
0.8281120639164139
0.9429059713059885
1.070884048587174
1.1997817228041208
1.3192070212760783
1.4158961909229406
1.4514891096013665
1.3909179594663983
1.289523318976391
1.193935698667422
1.1218721843385575
1.0881719118780127
1.1073187741374673
1.1815041695981963
1.2914115481357822
1.409249541797429
1.5160954793042498
1.6047784792760338
1.6755143101040142
1.7321860954958361
1.7805098056070772
1.8271918313516107
1.8787839732964016
1.937456818800864
1.9867967729966771
1.975872206374235
1.8780519038861598
1.733840372567087
1.5802481388936802
1.4329229712845835
1.2982277965007107
1.1809119844707867
1.0868534339518334
1.0234900777285316
0.9938358826047593
0.984296007432569
0.9656082226898756
0.9182690597039097
0.8501783842234683
0.7763116667059802
0.7045242073694178
0.6375916739228417
0.5762250884179407
0.5203781618219515
0.4697273963533687
0.4238540432889181
0.3823246787858789
0.34474150881741605
0.3107852531529108
0.28025094881183804
0.2530848973423354
0.22953684898457227
0.2106223425017653
0.19919136846520202
0.20197000651728142
0.23118828658033977
0.29864345816056687
0.39923631430835077
0.5108082810663603
0.6181164342295253
0.7281568465661794
0.8591682326944534
1.0101258631766779
1.1580910704377618
1.2835153329410147
1.3793197918568296
1.446002815662616
1.4868660874293154
1.5058140284791786
1.5065686113775962
1.4924432629577047
1.4663167338804668
1.430678460844189
1.3876998120086743
1.3393171549339216
1.2873628379597626
1.2338488008803974
1.1816036852506713
1.1355754502717799
1.104585099003955
1.1007841071664703
1.1332691431389488
1.2020591050898286
1.3000710433875253
1.4154317443628162
1.5075688903881868
1.4966412059180834
1.4044292094546558
1.288988174770594
1.173545698367571
1.065080621707286
0.9655191956733861
0.8751753298321399
0.7938382787099763
0.7211741465696225
0.6569149421650545
0.6009886504585231
0.5536526961810515
0.5156622390890522
0.4884725887936748
0.47437192890003704
0.47612392908406
0.4950622979978783
0.5266823293878723
0.5570973914655252
0.5689396504806224
0.5549836925158593
0.5219105720644366
0.48045005446650885
0.43854918854819175
0.4012485116364616
0.3726151332050271
0.3594709802276986
0.3754093346436553
0.44113156450681773
0.5689341033903721
0.7390987120507075
0.9134541906942044
1.0663910482726537
1.189453564253499
1.2832785858715188
1.3519223158241993
1.4005460787059536
1.4347534332299887
1.4605570971762203
1.484400338767946
1.5125451918570239
1.5489511907441913
1.5922043396591699
1.6351503410775063
1.669061942910888
1.6881539335393594
1.690767347866042
1.6782564684420958
1.6537117190728485
1.6214075725243755
1.5876427009142677
1.5629425452658459
1.5641324982077334
1.6098838122257912
1.6957080834759968
1.7329035316062726
1.6620798296287806
1.5425640450661025
1.4133485482120751
1.2880357531119924
1.1710060280435386
1.0634289334241382
0.9652226854608752
0.8757500543763884
0.7941418426844
0.7195559474745704
0.651376571305266
0.5892153848657805
0.5327705822131314
0.48173027382533923
0.43576319754848813
0.3945446578014402
0.35778060475705387
0.32521247862612274
0.2965654793049881
0.2713652048609248
0.24865480645808347
0.2272106732222185
0.20663860565071573
0.18774374330936014
0.17154087545869778
0.15939616980070076
0.15432685676096689
0.16316307374664535
0.19961075420189697
0.2839225711812913
0.4276579135786689
0.6116906092842919
0.7987636109964166
0.9629008681622011
1.0947635073402848
1.1942158609661266
1.264569971958749
1.309994240309521
1.3345696581904716
1.3420031018114194
1.335575305580555
1.318162893107775
1.2922620501233117
1.259951689899527
1.222761694297542
1.1816321513687955
1.1372684232852628
1.0905929126414204
1.0427982178243604
0.9954455986811798
0.9510177727671566
0.9141885207152994
0.8940592134884305
0.9060537173118912
0.9681386793979833
1.0875207464235628
1.2266083189461636
1.2777315239735474
1.236217806915999
1.1578336787538543
1.0703847911009297
0.9843625556975469
0.9038418406279256
0.8305342938764163
0.7652803819892439
0.7086790363257287
0.661415106097658
0.6244883223463594
0.5994480073348665
0.5886831166066884
0.5956389520602983
0.624589372704949
0.6795331925915877
0.7619149485963097
0.8678852974912544
0.9874196457346964
1.1064573908300448
1.2069431849931376
1.2562892344677192
1.220864141816819
1.1352401593190038
1.0476897869293003
0.9771239449469463
0.9369609349298998
0.9433293433461407
1.0073372616809788
1.1190019914494418
1.2496184471475618
1.3734804094349677
1.4781834839308432
1.5612987785130155
1.6253628484141045
1.675098328093394
1.7163418990909913
1.7557412395008807
1.8003921564317826
1.8559764917266297
1.9190692211354252
1.9573826607926579
1.9177744987068588
1.8061730240620126
1.6671202020853217
1.530341030836872
1.4151912026220228
1.3403675870062561
1.3205374590287386
1.3520565550234422
1.4086227562070412
1.4552267118492705
1.4515151599718967
1.3804053373662648
1.2736527070947354
1.1602509801164569
1.051542723040853
0.9508867474896735
0.8589388049901296
0.7754428352685473
0.6998266871713017
0.6314169312705005
0.569530652916693
0.5135329351437352
0.46288705906395466
0.4171905830140787
0.37618324710516865
0.3397847089236317
0.30830893590176034
0.28285519180937246
0.2653162503127295
0.25604216851637457
0.2500592818498267
0.24106162947135798
0.2281502177088395
0.21373915879377028
0.20096100230643674
0.19422916472656243
0.20148882508975768
0.23798188068909504
0.32590796998833094
0.47557027521401696
0.6617798343115933
0.8445837594535692
1.0003918462851054
1.1226596854367952
1.2127594911443413
1.2745545781787135
1.3123093438424391
1.3300410583502937
1.3313772203199423
1.3195876239515063
1.2977379751704914
1.268983415919763
1.2368406440489637
1.2046000530704764
1.1734468121787331
1.142195488558735
1.109458115832273
1.0748476964035076
1.0391347022864483
1.0045887833168556
0.9760901883229185
0.9634746275581707
0.9835206204522935
1.0548716226805093
1.1804168686801348
1.301043614823326
1.3177167851362501
1.2582740341468652
1.1724320566194288
1.0817129576917262
0.9942428446212472
0.9132666610009551
0.8402292298828102
0.7759491825400214
0.7211250450151521
0.6765314646664884
0.6429400112187164
0.6208639394434726
0.6106969442300397
0.6133766603935549
0.6307108037879077
0.6650657118153472
0.718386973654676
0.7903199882800886
0.8756069733805252
0.9614214708275166
1.0242290685057807
1.0314115469549658
0.977848116952573
0.9023461501622395
0.8320961567787982
0.7784279851687371
0.752854156310592
0.7710321636151518
0.8451310399666964
0.9674971326206735
1.1107089463623385
1.248617907682386
1.3680303340712818
1.4661062073120763
1.5452248266351716
1.6097759427333238
1.6646791771483067
1.714940401411147
1.7655398314093325
1.8209004435962242
1.882626063783226
1.9428708210723513
1.9754469762626756
1.9527389045282202
1.8874110542673779
1.8236926907840736
1.804373352632223
1.837180945536164
1.8955979628740542
1.9549939801188976
2.0076358100661094
2.0558316454276166
2.0887480036805623
2.0503733865245533
1.9233877086047924
1.7625454518673056
1.6007464751073863
1.4485400296829867
1.3086190749861497
1.1811805651458454
1.0655982723480786
0.9609807584164594
0.8663789545437659
0.7808750413009956
0.7036280032563322
0.6338984135274742
0.5710538474807705
0.5145534768057359
0.46391963742252357
0.41864615479460465
0.37801229578431345
0.3412579034485349
0.30792227616600704
0.27772881655954734
0.25042744383086935
0.22576561325739328
0.20351924906758886
0.18355745651109856
0.1658949769470369
0.1508247236713847
0.13934217794701045
0.13416091465481472
0.141950611541858
0.17708292532832506
0.26232266689400224